%YAML:1.0
calibration_time: "10/28/15 15:59:58"
nframes: 16
image_width: 3840
image_height: 2748
board_width: 8
board_height: 6
square_size: 2.8000000864267349e-002
flags: 0
camera_matrix: !!opencv-matrix
   rows: 3
   cols: 3
   dt: d
   data: [ 2.1839999445376829e+003, 0., 1.8823403206214755e+003, 0.,
       2.1808205963483142e+003, 1.4536313318231339e+003, 0., 0., 1. ]
distortion_coefficients: !!opencv-matrix
   rows: 5
   cols: 1
   dt: d
   data: [ -6.1688379586668375e-002, 1.6082224431333297e-001,
       2.5879292291040206e-003, -1.1214913617323160e-004,
       -1.2474406177802803e-001 ]
avg_reprojection_error: 3.8977349212650536e-001
per_view_reprojection_errors: !!opencv-matrix
   rows: 16
   cols: 1
   dt: f
   data: [ 2.10453615e-001, 5.83967924e-001, 4.90904599e-001,
       2.49178767e-001, 4.27873820e-001, 2.56352365e-001,
       1.90701038e-001, 5.60912728e-001, 4.67965543e-001,
       3.50193322e-001, 2.65424877e-001, 5.09318888e-001,
       3.59170824e-001, 4.79229301e-001, 2.37374291e-001,
       2.36876890e-001 ]
# a set of 6-tuples (rotation vector + translation vector) for each view
extrinsic_parameters: !!opencv-matrix
   rows: 16
   cols: 6
   dt: d
   data: [ -2.1502800592063609e-001, -5.4671428609327999e-001,
       8.3829419554870679e-002, -1.1497249163863595e-001,
       -8.7123772770097044e-002, 5.1550442319569056e-001,
       -1.3143255014616892e-001, 2.2474569199938388e-001,
       2.2155552219172853e-001, -5.4334886128816248e-002,
       -1.0583465478533391e-001, 3.2180704929299397e-001,
       -7.2248944999349363e-001, 1.6352400227162994e-001,
       4.0312293284851558e-001, -4.1609948313028652e-002,
       -1.1141809581787965e-001, 3.5456767648281978e-001,
       2.6469238585156114e-002, 3.4975629502243766e-001,
       1.3442294841007418e-001, -5.9650507123961430e-002,
       -1.6584648946004013e-001, 4.4200337386802685e-001,
       -3.6605245517083823e-001, 2.6545047762886642e-001,
       2.4807041802217986e-001, -5.4082401711687357e-002,
       -1.2687753035503943e-001, 3.7709280129000261e-001,
       2.7529333524382710e-001, 2.1942272301868770e-001,
       3.3853622069773728e-002, -8.5687789813966922e-002,
       -2.2421849352782841e-001, 4.4226980987243392e-001,
       -2.8537214591758209e-001, 3.3031196621376241e-001,
       4.1652154191961271e-001, -5.9188543966914607e-002,
       -2.4463745890802979e-001, 5.0890417872437155e-001,
       -2.1960598225218042e-001, -3.3296368953411076e-001,
       -5.3197943026468887e-002, -1.4910122695582001e-001,
       -1.3142526502309620e-001, 3.1881976960559899e-001,
       -3.7457787688177929e-001, 6.3871672732544557e-002,
       -2.7918332582121706e-002, -1.2579024191835766e-001,
       -7.4916723400779470e-002, 3.3207479140104729e-001,
       -3.0098708855425298e-002, 5.2626013057531562e-001,
       9.9605154621428368e-002, -8.2338756115999584e-002,
       -1.6078887057333918e-001, 3.9024914736342287e-001,
       -1.3957986608365489e-001, 5.0063897325431983e-001,
       -6.3560387048493455e-002, -1.2050822135056109e-001,
       -2.0402903435192926e-001, 4.8787127406979774e-001,
       2.5161736333647905e-001, 2.2883165847366163e-001,
       -3.1008609590217501e-001, -1.1130355354688168e-001,
       -4.6000994319115369e-002, 2.6547721066039831e-001,
       7.0921529615356271e-001, 3.0761016778792477e-001,
       1.0365850031935839e-001, -1.3681530230069672e-001,
       -1.3185723292852070e-001, 3.1892513958006108e-001,
       5.9521304320887913e-001, -5.8194125061417912e-001,
       -4.1057836149663368e-001, -1.4863706349830447e-001,
       -6.2019974392120578e-002, 2.3767196156593395e-001,
       -4.7898836543755341e-001, -1.6919071314304833e-002,
       2.1335036891368831e-002, -1.0109414974872338e-001,
       -2.2092022316809654e-001, 6.0423228816367935e-001,
       -4.8029421719775739e-001, -9.7980341013060284e-003,
       5.0500838563706081e-002, -1.0155102919241765e-001,
       -1.1469882262913365e-001, 5.4915777784216413e-001 ]
image_points: !!opencv-matrix
   rows: 16
   cols: 48
   dt: "2f"
   data: [ 1.39763086e+003, 1.08694104e+003, 1.50800049e+003,
       1.11216626e+003, 1.61280054e+003, 1.13585657e+003,
       1.71268420e+003, 1.15869824e+003, 1.80766736e+003,
       1.18034338e+003, 1.89825793e+003, 1.20100549e+003,
       1.98420471e+003, 1.22059241e+003, 2.06620337e+003,
       1.23939185e+003, 1.38869714e+003, 1.19857397e+003,
       1.50059338e+003, 1.22096228e+003, 1.60694641e+003,
       1.24241968e+003, 1.70811548e+003, 1.26285217e+003,
       1.80440820e+003, 1.28230701e+003, 1.89610583e+003,
       1.30067859e+003, 1.98319177e+003, 1.31829456e+003,
       2.06611230e+003, 1.33476306e+003, 1.37954675e+003,
       1.31310364e+003, 1.49309729e+003, 1.33282813e+003,
       1.60103442e+003, 1.35151831e+003, 1.70363806e+003,
       1.36937634e+003, 1.80122473e+003, 1.38634229e+003,
       1.89379895e+003, 1.40244775e+003, 1.98207581e+003,
       1.41760815e+003, 2.06608008e+003, 1.43217346e+003,
       1.37021338e+003, 1.43050769e+003, 1.48542285e+003,
       1.44738281e+003, 1.59498206e+003, 1.46325598e+003,
       1.69889819e+003, 1.47839294e+003, 1.79773303e+003,
       1.49288928e+003, 1.89156934e+003, 1.50633667e+003,
       1.98088489e+003, 1.51929492e+003, 2.06577295e+003,
       1.53141040e+003, 1.36079810e+003, 1.55129736e+003,
       1.47781213e+003, 1.56512268e+003, 1.58866162e+003,
       1.57806299e+003, 1.69409155e+003, 1.59047632e+003,
       1.79419067e+003, 1.60204297e+003, 1.88933594e+003,
       1.61325281e+003, 1.97967419e+003, 1.62339771e+003,
       2.06549805e+003, 1.63335303e+003, 1.35118726e+003,
       1.67535229e+003, 1.47008313e+003, 1.68586816e+003,
       1.58268604e+003, 1.69582422e+003, 1.68937695e+003,
       1.70511145e+003, 1.79070435e+003, 1.71393994e+003,
       1.88700391e+003, 1.72218408e+003, 1.97845203e+003,
       1.72991272e+003, 2.06527124e+003, 1.73712939e+003,
       1.51643604e+003, 7.42285156e+002, 1.69126233e+003,
       7.65620300e+002, 1.87402625e+003, 7.90551392e+002,
       2.06534473e+003, 8.16605835e+002, 2.26456689e+003,
       8.44787109e+002, 2.47251709e+003, 8.74092712e+002,
       2.68993335e+003, 9.04804260e+002, 2.91800781e+003,
       9.36765259e+002, 1.46835559e+003, 9.18778320e+002,
       1.64388208e+003, 9.46269470e+002, 1.82791431e+003,
       9.74827759e+002, 2.02018567e+003, 1.00551697e+003,
       2.22131592e+003, 1.03809790e+003, 2.43070020e+003,
       1.07252844e+003, 2.64923267e+003, 1.10838196e+003,
       2.87834595e+003, 1.14582910e+003, 1.41934375e+003,
       1.09901379e+003, 1.59558728e+003, 1.13051160e+003,
       1.78052612e+003, 1.16364331e+003, 1.97425500e+003,
       1.19900110e+003, 2.17659497e+003, 1.23644629e+003,
       2.38754395e+003, 1.27552368e+003, 2.60786768e+003,
       1.31658716e+003, 2.83818262e+003, 1.35935815e+003,
       1.36975049e+003, 1.28292468e+003, 1.54649988e+003,
       1.31901465e+003, 1.73261462e+003, 1.35692407e+003,
       1.92703943e+003, 1.39719482e+003, 2.13097168e+003,
       1.43920715e+003, 2.34338574e+003, 1.48339075e+003,
       2.56545459e+003, 1.52918518e+003, 2.79714697e+003,
       1.57774524e+003, 1.31926611e+003, 1.47069934e+003,
       1.49680383e+003, 1.51154089e+003, 1.68319104e+003,
       1.55460815e+003, 1.87886865e+003, 1.59942566e+003,
       2.08369531e+003, 1.64675977e+003, 2.29795703e+003,
       1.69589783e+003, 2.52101587e+003, 1.74761084e+003,
       2.75453979e+003, 1.80144690e+003, 1.26846948e+003,
       1.66268970e+003, 1.44653967e+003, 1.70871729e+003,
       1.63324353e+003, 1.75660193e+003, 1.82958887e+003,
       1.80674988e+003, 2.03541931e+003, 1.85920264e+003,
       2.25056006e+003, 1.91384753e+003, 2.47517627e+003,
       1.97068713e+003, 2.71051001e+003, 2.03081506e+003,
       1.62792358e+003, 7.72831482e+002, 1.78130872e+003,
       8.09656677e+002, 1.94237683e+003, 8.48616699e+002,
       2.11148340e+003, 8.89426208e+002, 2.28836450e+003,
       9.32775024e+002, 2.47370703e+003, 9.78344055e+002,
